0 0.437664976469696 0.451102181167671 0.418766875814913 0.440223494322937 0.429435450353334 0.442020323651768 0.443592758802384 0.435438755643753 0.40515141471207 0.430947956312687 0.439578267255786 0.397554094642514 0.430201974069981 0.427421625892714 0.390919100144043 0.446751390288147 0.435816956958996 0.442802529352446 0.435070205673792 0.429819940067936 0.444168967259194 0.444152461992473 0.464296517771951 0.439066600278449 0.442137261237287 0.43981204501888 0.4449455910838 0.449177009831167 0.445199790979975 0.447069704259565 0.445326485843983 0.438744905117159 0.437826323981438 0.446298283763737 0.431957858673724 0.449466906493157 0.445043888657454 0.441752657435242 0.469420873310141 0.447908866684255 0.43372308286316 0.446232710429352 0.441189037915186 0.451666133154817 0.444835604076941 0.435399286302967 0.440866646911878 0.454230095006583 0.443655088449074 0.442552846402821 0.435310996076751 0.450082788978681 0.454547447012272 0.437860907828209 0.448277550402159 0.44003121840749 0.44203683089212 0.433842755485109 0.440740290686252 0.457147213841529 0.437595682021215 0.446355699802531 0.446970901352739 0.446397071709304 0.445769082326895 0.448305287486834 0.44213573388679 0.44362875626348 0.431752138179976 0.44128750728643 0.447190107143054 0.438761865057459 0.442811636237638 0.451777504635389 0.434781833447761 0.443331143276993 0.439348724518952 0.441648375876838 0.463411009176762 0.450292712820175 0.439404546413989 0.439116319809013 0.439910561892161 0.437812475183155 0.466444126435715 0.449465544088265 0.455723114495342 0.448130205364122 0.451551049378573 0.478682729487181 0.456617375083717 0.452943296112641 0.453614041047153 0.449970565861842 0.429698154121612 0.446625703188965 0.440829752274811 0.439884316446994 0.475329346126045 0.443191670532174 0.459476568199782 0.457295667672493 0.46138949512549 0.437612198366955 0.452133018551921 0.446477949930164
0.437664976469696 0 0.458642662268214 0.445356523230372 0.436359124900698 0.435910792379352 0.44694416921246 0.444371080118652 0.440278798322818 0.423657087332987 0.433867253636357 0.437143739110782 0.437880561386421 0.438796145901068 0.435489476290402 0.438341332045235 0.450580447255683 0.432175622031239 0.451232819953913 0.44694015954924 0.441425939326008 0.447165445643606 0.433938776010041 0.471561066856756 0.445412882923883 0.442623467769974 0.458009201053834 0.444048791553233 0.443163597609418 0.451322995211047 0.442619471956298 0.455045534095707 0.447962681874368 0.431421116101507 0.438764474817691 0.447703057956123 0.455765807113461 0.446445102389063 0.440321161499037 0.46901300475579 0.457866285919795 0.451311877571512 0.454080147903017 0.442607037821725 0.445573442598771 0.441444896079668 0.451955441060145 0.433818809273304 0.447149795866811 0.441758354023266 0.445857733950801 0.446776906025946 0.448265486557643 0.442841028642723 0.44377107326097 0.445489959606958 0.443403262970771 0.441922045948798 0.443615840353014 0.447596733211063 0.465930299485704 0.452755333708492 0.437623702725207 0.453017768977412 0.443832995884254 0.452695507049555 0.465860059267992 0.451274537115541 0.449785541943667 0.439809833594862 0.443567430062178 0.441414333802995 0.445392804778312 0.438990853344008 0.440568068671619 0.454011077897846 0.44754261920759 0.435145942949976 0.443442699610273 0.466338937022016 0.451473405820321 0.447327947217001 0.441515224945199 0.456598531001067 0.450703181089722 0.462781384898437 0.451486341812888 0.450724071627629 0.454009576202214 0.460211261435955 0.474066565204033 0.457981806366977 0.443855029994247 0.452184547180858 0.443964550535539 0.441804430854421 0.448832079285447 0.451469630982319 0.445819104934237 0.479370856620635 0.44367710430157 0.455294618894523 0.448990069505374 0.469580758076322 0.439450947668975 0.450728127498385 0.446011514948506
0.451102181167671 0.458642662268214 0 0.450064869596891 0.447786675973411 0.44170839571774 0.448730473548768 0.431408411664144 0.448439649968061 0.441447370033875 0.414246408933203 0.452247513109643 0.449845618450029 0.447878992359916 0.445000064694947 0.438278271446981 0.453274990024261 0.437351618520625 0.460892621834827 0.441205210111268 0.441532405621761 0.449096694741719 0.452936855634257 0.426710838462221 0.448379000509917 0.453604429627955 0.441254699614592 0.454570187030511 0.448568956997484 0.440588098663791 0.457216837284921 0.441282389095855 0.453215484149349 0.442156475519075 0.459748851371214 0.456535898345804 0.440329462580545 0.45439436917599 0.462410548546149 0.43355886973646 0.463739549623146 0.460301433190439 0.449194650790072 0.447919988461896 0.453036523012075 0.465929551933312 0.452240167875432 0.452957443865682 0.4609816622345 0.430588551024959 0.429583352083286 0.452608908739836 0.452802432774677 0.436706204855327 0.454597497260994 0.453718468499307 0.445283839501017 0.442981807568669 0.433742202927046 0.456410719622194 0.46167781652613 0.453155431735838 0.448163500807998 0.449952336023326 0.452961801920114 0.461547193334215 0.475405463699938 0.425571719352562 0.450474283724058 0.44950820594562 0.430305071873774 0.452720018364983 0.45416126259044 0.450447073190987 0.463459241476865 0.44984016990119 0.453920069755255 0.450958998637439 0.420544337582659 0.425598716127968 0.462795042313342 0.456232693430821 0.44599445239777 0.44562610795412 0.451680208223133 0.424033816364526 0.453577913193865 0.46740767938889 0.430024284414277 0.467273490821197 0.433559397089586 0.435384648481733 0.455061536223294 0.459862731083181 0.449417411384136 0.451317444756783 0.455295580163467 0.456858146237193 0.448840029415915 0.437304319893906 0.456664796316342 0.463418673567571 0.458898532529863 0.426768489297936 0.457527841732614 0.462227676632022 0.431845633371886
0.418766875814913 0.445356523230372 0.450064869596891 0 0.43992245946532 0.431831643828443 0.433551444892649 0.443235596456938 0.445574296290506 0.427253311049468 0.41223307825063 0.434152668517551 0.429482733886624 0.432004465556582 0.435004385695426 0.437188811287998 0.44420399834906 0.428633134377335 0.436430334958496 0.43101815883727 0.422945057706037 0.430197905852284 0.432610278263708 0.462310281811639 0.452898594271595 0.42948458321298 0.449825175492316 0.432446555963496 0.441878781553696 0.446294695839182 0.430142747559191 0.436895665339905 0.428447349827262 0.427988429859088 0.442732751498195 0.434697727907892 0.443636884849928 0.440398714427079 0.430432085067509 0.466385735847879 0.443306831557625 0.444299079302532 0.432870182243627 0.439940645079513 0.450552869535169 0.446031473446239 0.440618473047481 0.442564074183033 0.449935151897716 0.434375226206845 0.439209304806524 0.447404882976151 0.438382796551553 0.45678783374891 0.433342738895927 0.43191869878057 0.446195386595682 0.435242266494948 0.425900610234896 0.441737468318259 0.450907014026558 0.441570455430035 0.448566801218369 0.437061737594594 0.448165796613357 0.447739645786291 0.445084314821399 0.446582374413847 0.443038794985116 0.433240208078315 0.443019350712596 0.44391999509096 0.437078965153289 0.433791368774279 0.441695283169987 0.433702896678616 0.443814413005373 0.431916687309637 0.439301004795269 0.46198449341083 0.447703557843242 0.429772051128624 0.433639224255208 0.444299191436778 0.451527306791411 0.458784466649738 0.443794972895111 0.453658705741344 0.44057234394055 0.442540631953585 0.467708985596996 0.45677182163702 0.447739934984577 0.445385774840355 0.440534864107225 0.427011725341213 0.444767522523241 0.437915369930534 0.438581825422679 0.469105154480455 0.435896680730034 0.44948105415082 0.443661696823445 0.462995029764342 0.430586700863262 0.438930875808753 0.443860048364283
0.440223494322937 0.436359124900698 0.447786675973411 0.43992245946532 0 0.440957682734539 0.448954643169606 0.448573260597033 0.440004567005476 0.430487625494965 0.425594879736583 0.435746652960414 0.428409495957832 0.433152264345632 0.433615140254413 0.435858424612867 0.449033764757515 0.417090687693531 0.453974110082321 0.434005642829687 0.437128216493916 0.445199488566396 0.439042956501876 0.469046876949611 0.451303394906535 0.431737942283453 0.449720777450084 0.442368385145355 0.441997749451318 0.456692437511606 0.437650950507035 0.451895993197015 0.440997358593204 0.433499197813608 0.447850543779975 0.43630812484005 0.45208647487415 0.447382698715899 0.436648546294317 0.466131873269178 0.441435426792866 0.442342818419971 0.440831583932884 0.437730519949079 0.445661548280894 0.438932704466783 0.449464772642917 0.433386996246059 0.455287092446764 0.440992842867868 0.4408948110162 0.448624344728311 0.444872720542582 0.447850318327387 0.442654171914999 0.440986308935633 0.443670357780898 0.440874711520325 0.439332152317766 0.448797060791628 0.457323685118304 0.452905687895739 0.441863029227791 0.440630645844518 0.440799768295034 0.449543057976326 0.453522637560487 0.45075579958458 0.453531763498193 0.433180566251818 0.445556181117333 0.442514172205581 0.444284184413424 0.44073580394331 0.450812646256557 0.452390225348809 0.453593953202018 0.42892074570157 0.445600591632414 0.458645957694879 0.45562133334033 0.441398620346215 0.436104687966629 0.455449073999592 0.443131789896819 0.458979953039266 0.453560472994739 0.444387753905107 0.449223830329996 0.451005809381078 0.465928541734508 0.456598817697263 0.456011132536244 0.453035315712709 0.444803246835684 0.429148071531531 0.447752718176944 0.441861485488948 0.451879522053401 0.478332932021258 0.440902796337273 0.459532271060152 0.445021242849144 0.460043652265537 0.451211829134134 0.450280227346356 0.433195127086665
0.429435450353334 0.435910792379352 0.44170839571774 0.431831643828443 0.440957682734539 0 0.431568764529277 0.447566275393148 0.415744714072179 0.427917535445293 0.437785620380196 0.432645274442269 0.432676492339876 0.435188108891852 0.42334380588729 0.441568847279981 0.448869858013289 0.430119571229691 0.444863485118123 0.424624072818368 0.425736611002105 0.437247859826523 0.427973406710645 0.457577079911503 0.447474004334603 0.411985834618816 0.442393549742734 0.438483110248239 0.436620538839787 0.446207815524271 0.437902589635361 0.441312538947352 0.44154710624779 0.434033315179026 0.446700736539744 0.434646419371858 0.449904117569446 0.43678720698175 0.444255711218737 0.464285003235784 0.438064671127344 0.439255183535713 0.433142291113249 0.442670578720184 0.439595089237773 0.447171226933323 0.436167798712098 0.436942185030237 0.447230951782192 0.436212693756182 0.435616696835193 0.438053597216188 0.439492956918869 0.445659052332198 0.437422521964249 0.440080034116368 0.434234713025501 0.439496041058214 0.441749513558691 0.443162229911397 0.452332051769861 0.451661793173626 0.431331828327046 0.432979598859748 0.441486176860136 0.440060327952798 0.450168699460568 0.436637721442058 0.439091355862926 0.429414217149414 0.434923517408252 0.452115490222707 0.451468466783936 0.43874938185755 0.440410343945699 0.429760974846959 0.444736980906824 0.440013127291875 0.440474892262806 0.465251157077915 0.447571498379822 0.445852231553662 0.435630500422058 0.438562917946175 0.446840373869499 0.457177563491018 0.4468774650037 0.452423166248618 0.444960286111841 0.454741072494731 0.464759464857902 0.447022920152894 0.440835017404555 0.450271904626933 0.446682094087364 0.42951860546373 0.452774028140976 0.443530305212319 0.435910642300487 0.47836485588333 0.439781658374314 0.455631026913925 0.439393579362233 0.450877509545023 0.443483089461612 0.447172112939082 0.43290130890222
0.442020323651768 0.44694416921246 0.448730473548768 0.433551444892649 0.448954643169606 0.431568764529277 0 0.42921000078447 0.444325766563021 0.39554723383238 0.424664877177482 0.447473181549365 0.422140235625123 0.447830505866035 0.431366756335233 0.390630580282552 0.453487225141977 0.405296007263554 0.44200852958164 0.450194780305729 0.441638284400653 0.447296618427546 0.439125482157827 0.471366275259572 0.454218531926066 0.44091894997401 0.459810057588819 0.45234365300665 0.440006930841911 0.456564026276162 0.457254611052643 0.452711837168793 0.448233560999288 0.444617517263747 0.455634908727585 0.45096002727374 0.460611717204708 0.443150046599104 0.440335951605062 0.468420124508378 0.451913355471249 0.454333829326675 0.44050645876507 0.45604754756064 0.450724099526572 0.443337880961335 0.445625097037495 0.451389748009143 0.453572796560416 0.441520921624695 0.445503206080453 0.454321409018266 0.44668555473548 0.462801036240012 0.451668965468072 0.447677375057677 0.447529724064555 0.437579089687931 0.437641734507301 0.449273295595468 0.457122737575499 0.451087110349021 0.441948281523087 0.440993714667407 0.452671728078619 0.457690706191918 0.459311533352274 0.454229612621175 0.447267904390995 0.433544832098431 0.44508837385326 0.447196571161045 0.443121863630136 0.448450914040469 0.446710114291547 0.445325243738635 0.443978917678795 0.440071752848626 0.444310526363513 0.465227770018031 0.44796986491139 0.454313888901495 0.452184987163888 0.4516535138803 0.451201883723978 0.472798315061461 0.44467475303333 0.451747987635527 0.455186479574574 0.458682308947123 0.473172339838692 0.459174563123598 0.450657127495402 0.449443486135449 0.447455589287947 0.445582062029779 0.448110288792644 0.451663062287606 0.452850011217684 0.480275268738821 0.447871896575533 0.458409436613676 0.46210518266891 0.457297315739321 0.441871944378939 0.450489175670088 0.450778052940986
0.443592758802384 0.444371080118652 0.431408411664144 0.443235596456938 0.448573260597033 0.447566275393148 0.42921000078447 0 0.440826759031183 0.408788010437749 0.400673849187071 0.453722940052261 0.408218679786733 0.443234308116088 0.434488570728738 0.427550470147001 0.458391156812852 0.439525495555184 0.427913471997528 0.442175574860374 0.446153363320311 0.449130721590948 0.433534582579512 0.437627506402334 0.445918596309837 0.435965713758883 0.442517716794287 0.442905485227072 0.459211304354842 0.451921881147828 0.44778381800864 0.441132404154001 0.430424915908767 0.442908565573629 0.45136011045362 0.459770995990672 0.443387241998324 0.452949876056528 0.448057862170154 0.454107569391954 0.455751083788422 0.451494138304322 0.445425241481949 0.448217530513428 0.455806823722839 0.456240388912087 0.435346153308902 0.451882454867678 0.446327416111739 0.437890694096374 0.447940463594545 0.452867984651622 0.451654945567051 0.443337447322835 0.453345784220159 0.443601436857866 0.450703827293492 0.447333673832238 0.438630306975827 0.451237604047463 0.468571037093223 0.439163810470093 0.447146726356385 0.44656613422126 0.452458476510318 0.461655815838204 0.460772423470283 0.435050004905298 0.463352017354667 0.433154378605107 0.437959604286022 0.445455015150842 0.4473141335654 0.443509512496342 0.457950129684726 0.448371822627482 0.451079949659839 0.443868309593904 0.433155244298519 0.43657000462319 0.443825630731807 0.452298232955367 0.444490334003475 0.454052784852377 0.446970723083965 0.439046275529517 0.448434525367133 0.451610750085383 0.439141414382276 0.459741638922028 0.452396479381279 0.439369198520113 0.450134497527054 0.460111901741135 0.441155214097952 0.439860426519162 0.450962889829454 0.447315965503778 0.447726456888639 0.453137055415853 0.447590448047638 0.457839596003874 0.460223542315576 0.441694236359345 0.448739153898313 0.44859365336272 0.431705615082851
0.435438755643753 0.440278798322818 0.448439649968061 0.445574296290506 0.440004567005476 0.415744714072179 0.444325766563021 0.440826759031183 0 0.424946830748229 0.434029673629064 0.440580627261179 0.435848874504021 0.429311029550528 0.43352914667603 0.446114076074332 0.448838424011791 0.43785530689671 0.434991347817523 0.438969482585306 0.431459372810255 0.444104233015627 0.437802164335224 0.460251728849475 0.439271044468228 0.435106679314727 0.455650894827717 0.446569434473844 0.441616325975537 0.443003268183101 0.445122973349165 0.439344495619221 0.440805154871953 0.430105728271209 0.447672007229862 0.433145531228639 0.455780606829911 0.438811378651083 0.441251089022091 0.464066154299783 0.437315391292812 0.451264572578086 0.445867135802955 0.450989989267184 0.446258513692571 0.448614160261119 0.45869354208138 0.442239038773874 0.446278588015244 0.440431268830919 0.438155684784305 0.438922115275726 0.443592607566881 0.453934271989556 0.434536927812029 0.448279535204811 0.442642224698765 0.432277648844066 0.434682714703099 0.444612548696487 0.461250651435684 0.447754395944969 0.436955415736476 0.446734527247441 0.446893256594848 0.43789669072325 0.455988534267061 0.443489627057285 0.4542778164269 0.441029547361329 0.429062524556237 0.442498865953092 0.450768075500556 0.436708016199345 0.453079126436267 0.457803810652504 0.457956242312754 0.433842601777056 0.43726898957026 0.465477294824081 0.449955207559352 0.437475009236569 0.428534065100893 0.445269027397121 0.440222079217413 0.454044584465569 0.437928032763751 0.452632117062571 0.451790690295406 0.451850411785736 0.474076986126221 0.455077133198125 0.439991124954806 0.453379862554352 0.445196241057483 0.436995048496758 0.450068966241655 0.44047369687016 0.445407030885404 0.476976863561426 0.446805168640337 0.456810715143679 0.45238343545674 0.458490905490677 0.439785035977675 0.444929589974953 0.436757381685744
0.40515141471207 0.423657087332987 0.441447370033875 0.427253311049468 0.430487625494965 0.427917535445293 0.39554723383238 0.408788010437749 0.424946830748229 0 0.404956352116354 0.43070469125777 0.423903921474853 0.430697968618595 0.399467903200411 0.364711970643845 0.433538747724194 0.417979916664571 0.414579722227139 0.418506280372082 0.432130330200945 0.437702391312101 0.427948336917645 0.453396678474537 0.438250089156347 0.435176568196108 0.444560247987487 0.443273125165711 0.432360670462901 0.436680855393635 0.429310470866196 0.437036813057325 0.438090488975976 0.427980548965172 0.436662016703318 0.436551317432024 0.439911549540774 0.429970811213907 0.443004402086959 0.464231914819379 0.442389220110364 0.441039157518796 0.430940019854079 0.438185528227931 0.437000781566637 0.43587386548126 0.429678546626358 0.430334060356859 0.432272911664628 0.429835343637518 0.431514014716634 0.433998896829304 0.430014903018797 0.434168912964302 0.431786356736303 0.428922631240204 0.433102829650177 0.437955830777923 0.429935900110691 0.429125321172282 0.453075680890445 0.453366516039294 0.432315580518126 0.429464992150627 0.441499752669261 0.439946414413249 0.446687264030865 0.445093893413825 0.432346270586523 0.423574210445955 0.424730953500984 0.439552908446109 0.430239084280613 0.428691253396868 0.441439823639298 0.426285017239024 0.43548757008475 0.434011853515348 0.429051910126624 0.453735852021624 0.431889584186206 0.436205766760426 0.431262786417556 0.436227543063352 0.434229747520062 0.449387770361803 0.428671468742439 0.440737773955031 0.436721444227434 0.430273349205533 0.461363794735342 0.438938062332425 0.434188676176072 0.435498479746317 0.446089372336591 0.423769890076058 0.438031158744853 0.438051686314718 0.440056144432079 0.454635691229017 0.421677472097937 0.447505858354081 0.446882700884995 0.445706564940537 0.430144486234744 0.444309911767482 0.436375576128863
0.430947956312687 0.433867253636357 0.414246408933203 0.41223307825063 0.425594879736583 0.437785620380196 0.424664877177482 0.400673849187071 0.434029673629064 0.404956352116354 0 0.444214210519321 0.401397359314954 0.432820353645093 0.419217231649435 0.418806252929034 0.43638341443453 0.425315945619932 0.419560820005482 0.431372516699012 0.42290337595515 0.431428371168018 0.423278883107001 0.437799713784934 0.445149287488761 0.428401066453687 0.441239497069448 0.448792307885907 0.445187939279347 0.436124461505985 0.437996483343911 0.435251441407527 0.428251316651363 0.431542229660555 0.435467364360038 0.437633560066165 0.434120294787219 0.440922540254336 0.438087419158538 0.446257877744984 0.442149086591569 0.442107314964124 0.444013802351402 0.440765181649811 0.440244227192636 0.449347259565407 0.442571743211176 0.433260201085098 0.440984965666193 0.424912687981279 0.427637197963735 0.437278613474332 0.44887176202462 0.431507181171903 0.44265392050355 0.44026138112195 0.429923090244477 0.439163058366804 0.429043001759477 0.436976789375093 0.44763456595558 0.445448133738493 0.431828849799877 0.441526594296217 0.444455158654756 0.436664925517211 0.451453271617694 0.433206765525559 0.429448476174815 0.431920974785768 0.421316169778027 0.439168181412638 0.43854260381466 0.428147086436669 0.435918051439475 0.440152430916835 0.443233029569565 0.434308441738031 0.41972449058594 0.435481530261799 0.437673151995652 0.426135280700544 0.429073621117555 0.438871517860959 0.443363543423446 0.439009879582765 0.43471202530537 0.446194354251636 0.417690758889429 0.443149230676044 0.450313513962543 0.437371538968597 0.442271406437158 0.447815838574036 0.444116714041691 0.424657859766536 0.438508472494676 0.445227902855571 0.4403086411417 0.449992657246756 0.440679297976722 0.449823154710604 0.439967819661883 0.430269356189257 0.438548982533504 0.451414626739169 0.424000226067463
0.439578267255786 0.437143739110782 0.452247513109643 0.434152668517551 0.435746652960414 0.432645274442269 0.447473181549365 0.453722940052261 0.440580627261179 0.43070469125777 0.444214210519321 0 0.446544691510441 0.435538537559512 0.446080494572546 0.439043766715334 0.435739953297867 0.448437949212511 0.440155386348827 0.44168388724912 0.443756693527584 0.436241786252996 0.45031938163364 0.471188814775561 0.452170922655503 0.43502456754997 0.442757163766736 0.438727393750317 0.446546402320413 0.447687990977525 0.442387325242495 0.451750913138879 0.446917381389428 0.443198491874032 0.452634146076186 0.457374776854861 0.456745310307852 0.440312572503339 0.445002291450131 0.473372744033385 0.452279757535645 0.44278816076628 0.450354412446019 0.438401161917674 0.4449417918469 0.447129567694288 0.448780612437047 0.446321313644229 0.45015575857974 0.439043715944914 0.445027872286496 0.450678159103944 0.452899240451415 0.449093682330585 0.448354611638495 0.449942334588398 0.455064074312702 0.452585731492134 0.447775522250239 0.440961111109318 0.456393396522607 0.465189513587663 0.440498744813862 0.450167395102033 0.453319152970684 0.456007412424555 0.456683231463773 0.447586446640694 0.450565253832869 0.430545145054437 0.446084684020203 0.455766880527328 0.456456257398578 0.452760184233624 0.45125005594485 0.455242410872889 0.457151626950733 0.446173702720123 0.44466226750745 0.466276197584527 0.458334889744615 0.448621565116308 0.445641968660377 0.44018372116127 0.446102494132887 0.46302930909269 0.452889510742366 0.449868440396844 0.45003294271965 0.459819124343039 0.475106016154362 0.466006701371637 0.449691171801549 0.457110838928116 0.445983168152687 0.447005431721064 0.455986842647135 0.451790159901745 0.454256955102792 0.474240938103089 0.454612957109475 0.455377431320305 0.452357288722165 0.462453282021697 0.449383537109594 0.456021588799178 0.44884535641801
0.397554094642514 0.437880561386421 0.449845618450029 0.429482733886624 0.428409495957832 0.432676492339876 0.422140235625123 0.408218679786733 0.435848874504021 0.423903921474853 0.401397359314954 0.446544691510441 0 0.43631220573464 0.421544965098398 0.41595130208016 0.440023853782505 0.430402967180536 0.434152286208546 0.432476671264446 0.431417463403988 0.436228518271712 0.42780994251463 0.46198571811545 0.449821062048558 0.435269779106302 0.455811698618921 0.443082846233607 0.441696666626395 0.454933036697049 0.427487242914562 0.444132356841584 0.438177238897122 0.431936016612237 0.442992241416922 0.436393294577133 0.4399635877531 0.442545483619029 0.441448190655612 0.465522774349338 0.444315506705485 0.442462565241718 0.432375560392825 0.441470964763106 0.450866473177413 0.44794626705887 0.433619222930298 0.42693853990381 0.44042209857355 0.438259729473129 0.449109835373378 0.441321272517557 0.450209949971925 0.448017194358131 0.445696292221743 0.442179479345194 0.435665792918525 0.444211729432042 0.437021199702917 0.443628676315106 0.454737845489755 0.44290331747409 0.438295491222715 0.446724036717248 0.439752224051905 0.438329776548738 0.45205259058081 0.443687672801482 0.443083889061869 0.43552255431402 0.447409746034931 0.439073846862054 0.442221514459654 0.434001156264954 0.4446062261848 0.443137897249559 0.444019881673324 0.433377372352913 0.43566258422609 0.456983203674082 0.439819744153538 0.44596465581904 0.43347305995111 0.441167498817528 0.444645586050328 0.459502993391093 0.442668205321548 0.454246034453903 0.444512835187128 0.446269180825285 0.473118127427146 0.453972241454021 0.439871156006602 0.453695211319258 0.435027058512317 0.434145033445569 0.439111068486785 0.442349319651919 0.438634754424635 0.478947670906255 0.448888702903208 0.455485577085178 0.44651264350024 0.453383408697258 0.44093095261636 0.455072322223698 0.442885753735622
0.430201974069981 0.438796145901068 0.447878992359916 0.432004465556582 0.433152264345632 0.435188108891852 0.447830505866035 0.443234308116088 0.429311029550528 0.430697968618595 0.432820353645093 0.435538537559512 0.43631220573464 0 0.424309774119588 0.446485317482184 0.445624612828585 0.43902951690471 0.445596813193228 0.427817746548379 0.436166830823796 0.456285371499402 0.43637505782123 0.460998832140787 0.444647401915192 0.440522051465178 0.459312553426448 0.441306805205301 0.451190039954748 0.451359530996074 0.434453309187854 0.442125251420081 0.44099194944582 0.43953011425261 0.450878885972385 0.44900408184188 0.458513083812077 0.438766104258393 0.441663818519243 0.465008613181715 0.445912223354941 0.434377082694013 0.436795161228587 0.441408433529859 0.435710545930028 0.456514520386929 0.439248765043989 0.431698783051924 0.447889395121284 0.437202493104501 0.448675179794054 0.451204527695514 0.445330379423724 0.450279089541855 0.437001974220253 0.435645510083494 0.433526589524054 0.446457744249304 0.444704853438897 0.433340703279142 0.454598939854623 0.445952169167857 0.439652237374586 0.441744307865019 0.438198711282866 0.454728778871837 0.451481882089227 0.457093158055562 0.447484209666912 0.439317461331101 0.445053832139963 0.436707441848299 0.443906930475364 0.436925582907092 0.451517237042218 0.438900124774722 0.446482258356561 0.446924912681014 0.438016117699486 0.463645430710218 0.454952537976403 0.434332575208408 0.436104805177348 0.43874377065135 0.442063856061363 0.460553624787304 0.440911858207431 0.444815116564839 0.445226314046293 0.442567879336371 0.480418816171627 0.461445182691865 0.45388792220753 0.456153336923244 0.435181383577603 0.432965349508527 0.446531277325785 0.445529269127525 0.446290806844202 0.479673212283896 0.443961618985711 0.464439622685087 0.439134541898598 0.463181786363751 0.441212653441079 0.457602276886163 0.435914674774673
0.427421625892714 0.435489476290402 0.445000064694947 0.435004385695426 0.433615140254413 0.42334380588729 0.431366756335233 0.434488570728738 0.43352914667603 0.399467903200411 0.419217231649435 0.446080494572546 0.421544965098398 0.424309774119588 0 0.425486690393595 0.438009922355707 0.424973842275592 0.387811745877618 0.422529840778427 0.432102877908608 0.437991895255663 0.426032870581644 0.458871803450736 0.440475451975032 0.429921350614086 0.443252430814823 0.43955667489248 0.42846955306914 0.437245084155006 0.434594585086983 0.431400093683524 0.427885074841921 0.433063195572583 0.444506354589879 0.430728752541635 0.451563686446298 0.433251501400838 0.428509166597817 0.454034291213461 0.434540433843292 0.440620259169948 0.430118108926739 0.43691495378443 0.427489848165819 0.435070869463719 0.440841253155365 0.43286405606567 0.445379130360388 0.434568828577857 0.437559797163444 0.431937877151958 0.439905618615558 0.44647610013436 0.434027527368194 0.436303422415084 0.432484083440027 0.432625698123319 0.428983299993617 0.437033448377873 0.45029939924415 0.439023404052652 0.442550301721793 0.440072127333091 0.43601535594885 0.439717013600259 0.44807828454109 0.442703767210229 0.427193691029788 0.437975253478769 0.429765280715627 0.430809532211486 0.430784801679902 0.429587535665211 0.435255622400001 0.432346283360546 0.43682901403684 0.429928322607617 0.427060084272402 0.460119447293359 0.43360331236669 0.441862926791939 0.432883291698837 0.446059791434819 0.435028511561868 0.46152674242459 0.43111650121838 0.436516793906508 0.434780832338723 0.448347324239271 0.473457334376931 0.447282227137557 0.443337749637572 0.439080615014078 0.445087015423325 0.428755385064684 0.439452806396371 0.443235827078919 0.439435903842326 0.464912887945993 0.427810597332633 0.456683552703958 0.446682118878895 0.448900386594346 0.435363695165324 0.441319011362806 0.428946726553335
0.390919100144043 0.438341332045235 0.438278271446981 0.437188811287998 0.435858424612867 0.441568847279981 0.390630580282552 0.427550470147001 0.446114076074332 0.364711970643845 0.418806252929034 0.439043766715334 0.41595130208016 0.446485317482184 0.425486690393595 0 0.454703616358584 0.406715545673512 0.441627204419197 0.445950997551185 0.447563786497271 0.442339539771877 0.43906911628761 0.466906722796883 0.449900006912136 0.444822517185352 0.448423203427622 0.452615726345962 0.450333645891289 0.447077194659932 0.445141790391188 0.442782945552816 0.43069577388684 0.435636922986182 0.444319900164106 0.438507086963464 0.464927747443879 0.439976327478075 0.446235519524982 0.465179945778836 0.454656824361129 0.449154338659937 0.43375934426706 0.448890440062172 0.452491938359271 0.446105163879052 0.457283577993382 0.441715402890648 0.448405528467765 0.442746157567281 0.446285386833285 0.446524870853092 0.438214705720422 0.454360383262671 0.447790459997556 0.438963325221108 0.445580395177553 0.435088342147039 0.442230415094402 0.446599985348271 0.453678453377654 0.440492233724162 0.447519680663278 0.442150475667127 0.4406140202394 0.445611849698937 0.464365864957495 0.451706214896132 0.44008792551521 0.437907790541495 0.441401333274254 0.441245227345849 0.443006038910246 0.435098315832324 0.446808809621692 0.448820096832369 0.441338369211663 0.44775410482996 0.446521700093304 0.469583716150924 0.455925063549043 0.442732170505539 0.435546853964905 0.441191842280795 0.442366549277998 0.466664267713869 0.442744333228827 0.453795924194221 0.446365768495769 0.450886327604227 0.473659488297494 0.450319956681434 0.452441367143696 0.451666198800268 0.451081728061512 0.43471170639975 0.446001706707524 0.444900324225461 0.449111378421916 0.483914902665167 0.437698352116803 0.45722297209179 0.465949908108099 0.468414500824666 0.452772469066287 0.462210840916429 0.451425855293595
0.446751390288147 0.450580447255683 0.453274990024261 0.44420399834906 0.449033764757515 0.448869858013289 0.453487225141977 0.458391156812852 0.448838424011791 0.433538747724194 0.43638341443453 0.435739953297867 0.440023853782505 0.445624612828585 0.438009922355707 0.454703616358584 0 0.438354923040628 0.447795891891255 0.441949304847218 0.436043758453033 0.443218292984367 0.439861598699219 0.465459255999384 0.452027025117947 0.438295256633479 0.454102230443723 0.438305487138923 0.433790656459512 0.445144349816978 0.440696972382471 0.453178055723102 0.441348270050496 0.44318336015133 0.455431617537182 0.439080758316695 0.455500349529534 0.448545184678945 0.454338680524474 0.469791534769933 0.441061040944821 0.446407072533297 0.448764305550545 0.456054421160826 0.458927817412775 0.446062124367376 0.45401325058122 0.443153628894632 0.458467683326968 0.446344829594631 0.45598251318507 0.451536224367407 0.448138373260971 0.458579599129433 0.435083192705525 0.441789705140698 0.445120631370727 0.451133761804909 0.438583461054468 0.449440609655519 0.456330823468786 0.450173077300253 0.45560428674028 0.442004136646381 0.440273822153135 0.449854972560143 0.453437523349955 0.450969704486242 0.444798978958747 0.440599456240535 0.444972559159543 0.444641146303603 0.454089729518683 0.436870548100921 0.448176195179471 0.444071823647189 0.445445155706331 0.443885621083731 0.441567446655058 0.471237349302292 0.448380369537947 0.451936825820538 0.443124630681359 0.44889275171702 0.451109693600456 0.460022725130242 0.450991345879899 0.45620611131441 0.45402575997063 0.450587626294253 0.479433724549402 0.464798088635396 0.448483450589948 0.450904745057828 0.458665205778509 0.438376285062736 0.446543015979917 0.459236653030281 0.450839235368735 0.477977245805526 0.44600635836284 0.456676125082303 0.45528390025702 0.462362146155992 0.443035201740434 0.446250530460642 0.451056688761016
0.435816956958996 0.432175622031239 0.437351618520625 0.428633134377335 0.417090687693531 0.430119571229691 0.405296007263554 0.439525495555184 0.43785530689671 0.417979916664571 0.425315945619932 0.448437949212511 0.430402967180536 0.43902951690471 0.424973842275592 0.406715545673512 0.438354923040628 0 0.423615674418478 0.433803424313389 0.432684160759226 0.429692588367895 0.42815514033104 0.456717075756054 0.435092527713874 0.440598354191063 0.444804483592213 0.43117185833337 0.446356358215747 0.441269818701118 0.430794099918294 0.444338196941759 0.442034722122704 0.436893928872705 0.442552332663655 0.424384159220161 0.445521452249104 0.437914931864514 0.436989305185628 0.46107444415245 0.437462849824251 0.4436475412709 0.438766982588176 0.442067138381517 0.440354858718987 0.434796660380076 0.433371594981364 0.430079049963306 0.442112701370003 0.43731382331046 0.428233528317018 0.434291019425393 0.44630694908729 0.445960116011737 0.435576795705281 0.44090293019449 0.440096004813135 0.438794081777385 0.428605930372276 0.443300841907402 0.446159888392279 0.440971231521513 0.443231576184356 0.4453315758866 0.441907801251188 0.435026185552745 0.450543954823464 0.44295463445598 0.4403046503399 0.435813631278018 0.439506172108757 0.43660083348613 0.442700045614522 0.439730603152615 0.442504985269657 0.433657342097296 0.441289869520531 0.441694821759473 0.431380300732977 0.457214877772659 0.450244396167699 0.440462828888561 0.431722074699252 0.438583028630583 0.441476751794103 0.447702630965568 0.436517950952411 0.448935612784806 0.443079050513289 0.443251002970455 0.458430080057636 0.454851362396952 0.44181103064141 0.44512312297402 0.443081594785598 0.427911091519367 0.445252412226808 0.442720313520637 0.441041883912009 0.475974343208086 0.444674774334236 0.443205538642211 0.43962310895493 0.460547163328021 0.432979416945492 0.441777918507256 0.432936328831804
0.442802529352446 0.451232819953913 0.460892621834827 0.436430334958496 0.453974110082321 0.444863485118123 0.44200852958164 0.427913471997528 0.434991347817523 0.414579722227139 0.419560820005482 0.440155386348827 0.434152286208546 0.445596813193228 0.387811745877618 0.441627204419197 0.447795891891255 0.423615674418478 0 0.455391549106855 0.448421981422836 0.441637001816548 0.427459979836535 0.464153128649342 0.443398716576818 0.455389897393845 0.456254677862016 0.446601767878972 0.443422651057797 0.451141614923351 0.448539363203666 0.454290334617909 0.447633928324685 0.435382266602363 0.46193441759973 0.437153394655014 0.461378640843438 0.446382065125155 0.45313992529521 0.464618329572578 0.450367219712543 0.443937417770623 0.448434016026606 0.444639693316108 0.448304768053343 0.45184177252173 0.454259757318606 0.445679578501081 0.440497368923145 0.447054556453286 0.444745263920292 0.451683852751752 0.457054723295918 0.457288962080566 0.440262695907723 0.445058605227696 0.443069901695718 0.444034265995318 0.45136055780283 0.445014179985255 0.456759080843696 0.449649956312209 0.457450661853505 0.44780954698929 0.453851757194003 0.44457929719642 0.464707122031028 0.448915237171922 0.451864788036509 0.430257839590181 0.449076444817269 0.440313133524132 0.447210107406842 0.441393075808083 0.45318186444851 0.442783340601208 0.454657020252053 0.437334458815524 0.432016932839258 0.463275020199096 0.454098538568654 0.455520833476676 0.444531605566397 0.441319668644615 0.452157483170354 0.466584881762245 0.448379188900773 0.449962742668967 0.447142908739239 0.452775534419914 0.471145161965567 0.448021993038102 0.447479547889992 0.438468583549158 0.4477806363279 0.435050167450484 0.439388418847348 0.454092104527127 0.442088398980388 0.464952066681398 0.443885007686672 0.462321350170649 0.460785588411359 0.468870187366369 0.448397599958375 0.444101002771161 0.445853960194072
0.435070205673792 0.44694015954924 0.441205210111268 0.43101815883727 0.434005642829687 0.424624072818368 0.450194780305729 0.442175574860374 0.438969482585306 0.418506280372082 0.431372516699012 0.44168388724912 0.432476671264446 0.427817746548379 0.422529840778427 0.445950997551185 0.441949304847218 0.433803424313389 0.455391549106855 0 0.424176004479259 0.440386850902883 0.431348093199352 0.461743692185191 0.437548114435637 0.421925223799009 0.441304964133365 0.441958833918676 0.437444770051999 0.446977435715232 0.430209665004886 0.443337577591561 0.434314039180771 0.437858672327819 0.439981529597597 0.448024770558927 0.449766417153879 0.433468263743586 0.436119214792662 0.460394408986954 0.443159353898312 0.447244839655532 0.426397103590571 0.437493705100924 0.428998726207702 0.452716999773297 0.433198802344326 0.429141542482935 0.434630841604605 0.429357428131903 0.436309613650065 0.435738016841789 0.442201618463254 0.454260480473334 0.429622200732984 0.430590417637272 0.439303402107692 0.440643263194497 0.437496299635053 0.443744761454502 0.451934900849946 0.440715629606655 0.443785642815979 0.439682801367354 0.440081710407376 0.441439898851434 0.455184386256317 0.442585388538722 0.432865096544974 0.420488435437593 0.436489046700712 0.436144026568801 0.426172330381099 0.433196592447119 0.448120423512975 0.433368058424541 0.444434736099538 0.437145117384738 0.427852959809209 0.461041286077462 0.445250070784408 0.427334630731525 0.424657626907637 0.434323746150231 0.438518596412059 0.466990358122987 0.441493652290875 0.444230656221426 0.441847563686517 0.436715878771528 0.464912804798232 0.450592941740636 0.445440529634367 0.443755810441899 0.438724915474175 0.424595551478565 0.441245579374677 0.445155124278879 0.437462377578906 0.47361329419914 0.431484968052418 0.447776277120117 0.448304198803071 0.453010785036985 0.443761322328284 0.446399784221049 0.432173067946616
0.429819940067936 0.441425939326008 0.441532405621761 0.422945057706037 0.437128216493916 0.425736611002105 0.441638284400653 0.446153363320311 0.431459372810255 0.432130330200945 0.42290337595515 0.443756693527584 0.431417463403988 0.436166830823796 0.432102877908608 0.447563786497271 0.436043758453033 0.432684160759226 0.448421981422836 0.424176004479259 0 0.386028800772066 0.42909916168967 0.453412267781967 0.425660376439096 0.42358639321055 0.441095247921893 0.434300053118347 0.427858166513376 0.439182994240145 0.419473961136491 0.433072745844353 0.439545280920989 0.43396962430817 0.434373295063486 0.436543942943165 0.411698382756717 0.428771687246602 0.441096189699347 0.460554451233848 0.441562560645017 0.43833574620733 0.412106800311704 0.433450290437785 0.435795262395282 0.436696635919279 0.444871036455333 0.414412781520908 0.445382337370572 0.431841812848819 0.43685068593533 0.438216614079488 0.435002726463313 0.449946028947139 0.434098475671596 0.427982835867429 0.42722158797497 0.440300661003735 0.44353554640195 0.438143055133843 0.4599771457379 0.440693405550872 0.438110576574339 0.437915321672216 0.43307613028261 0.447673088887849 0.447530362608835 0.44592846956067 0.436038787310832 0.437697460814407 0.435976176929485 0.447928851114161 0.436936542265711 0.430934996679063 0.439023700373327 0.437869135837808 0.438558981888558 0.435650299528081 0.423007594443042 0.465258748320538 0.439539068877715 0.434819115451003 0.431406741222648 0.447144133383522 0.439194529467692 0.452277450810152 0.436622390421159 0.449039812030414 0.440004472824089 0.446699412886129 0.46910336234818 0.45341662269121 0.433946305626955 0.459098491981375 0.437644353348236 0.424630232940197 0.447600732041656 0.438932539083589 0.440256604767364 0.47287485064704 0.431065661299301 0.452095430143185 0.445345065852397 0.45438399427321 0.434261343728674 0.439516882857383 0.44000883857861
